1532 20
27115 22961 75325 72070 61824 56834 28586 48945 34062 95959 26652 29485 24802 65250 52650 71525 90291 38435 63063 30511
1359 20
57453 79517 38457 3128 92632 1296 80642 15919 92916 17115 43706 68374 18195 61514 76659 90005 16416 18984 23124 84048
1959 20
8816 22070 2558 66986 37814 6488 26926 40740 30904 79779 15504 80465 65440 30360 58849 33065 26841 37462 92586 78377
1404 20
48652 17537 58697 54341 19702 71159 89789 51860 89394 13095 14495 73773 52701 34901 42863 19170 34380 16943 52913 22565
7339 20
47960 53848 29228 29480 28568 50903 99861 43162 5671 95078 72783 32093 37395 32405 56101 78398 2107 27500 18156 77692
9817 20
16753 30541 85719 12825 25197 38749 14027 77427 97722 60663 52179 68378 19315 91642 40632 65590 84904 79948 82066 36123
3222 18
52554 39944 9577 61432 84215 28829 9235 59028 57733 62531 75916 32013 39596 43273 90698 50579 940 24009
1485 20
56084 63188 17274 4679 74662 55995 45290 68201 68523 20796 9283 76026 1268 33775 50290 22952 87854 47028 91393 18868
4646 20
20136 37218 73883 36223 78733 8376 87555 61007 64540 30050 99991 61592 89107 21572 89958 57217 52237 47445 74853 94651
440 20
17196 98786 81887 22669 92904 22051 97381 96386 29751 22116 52863 64025 14865 52208 88277 51407 75875 72845 90229 65068
8838 19
49823 1276 68940 49997 2611 46113 86787 22781 7292 13303 90146 83446 68477 4993 44964 65952 59702 85036 2151
9655 20
42456 15376 7165 71926 39298 83965 93696 33270 70360 5944 4082 5292 8161 729 55741 84734 61251 67826 98296 79034
3376 19
5472 4966 27132 5317 69095 42109 69567 53369 33396 80503 66007 52944 45742 9500 44679 43711 70632 46074 7997
9990 20
4701 66763 67807 75856 74101 65349 86359 84247 78087 73697 12789 15941 90932 68991 87181 91768 95940 97185 97012 18639
1323 20
58973 12159 65990 59966 74341 2676 69882 19410 59502 90861 80714 72386 55771 25218 10531 29326 93141 44922 6062 78043
2794 20
48868 2440 58503 65850 14968 32186 64015 65572 93 22372 62538 74284 11033 79736 75795 38423 37603 69167 36696 23396
6468 20
70998 84678 3664 12308 45359 60710 5418 29476 33024 38772 81275 85490 15038 2730 6743 93445 39842 68680 43956 52653
9951 20
77165 50730 6896 44718 30746 75166 30497 64155 23612 93979 51430 29724 79279 50703 49895 98805 59129 83863 15113 99083
6416 18
10158 99308 45119 95684 31915 66830 5425 15413 10699 81253 57172 74318 16620 92349 20964 47968 56390 52550
2885 19
71358 37712 12986 68465 68301 38549 28873 94554 69592 85916 72549 70927 20873 75664 44827 16282 43345 36342 5495
3237 18
89585 71105 63644 7998 92729 36567 7821 87040 47460 37103 70021 99790 94108 83166 16577 17647 6908 36768
